1973    3.4 2.1 
1974    1.8 6.5 
1975    4.2 3.7 
1976    2.9 5.1 
1977    6.3 1.4 
1978    5.7 2.8 
1979    3.1 4.6 
1980    1.2 6.9 
1981    4.5 3.3 
1982    2.7 5.4 
1983    6.1 1.9 
1984    3.8 4.2 
1985    5.3 2.5 
1986    1.6 6.7 
1987    4.9 3.0 
1988    2.4 5.8 
1989    6.0 1.7 
1990    3.2 4.4 
1991    5.6 2.3 
1992    1.9 6.2 
1993    4.1 3.5 
1994    2.5 5.0 
1995    6.4 1.3 
1996    3.7 4.8 
1997    5.2 2.6 
1998    1.4 6.3 
1999    4.6 3.1 
2000    2.8 5.5 
2001    6.7 1.0 
2002    3.0 4.9 
2003    5.1 2.7 
2004    1.5 6.4 
2005    4.3 3.2 
2006    2.6 5.7 
2007    6.9 1.1 
2008    3.4 4.5 
2009    5.0 2.2 
2010    1.7 6.1 
2011    4.8 3.6 
2012    2.3 5.9 
2013    6.2 1.8 
2014    3.5 4.0 
2015    5.4 2.4 
2016    1.1 6.6 
2017    4.7 3.9 
2018    2.0 5.3 
2019    6.5 1.2 
2020    3.9 4.7 
2021    5.6 2.1 
2022    1.3 6.8 
2023    4.0 3.4 